  12
  10
  11
  14
   6
   7
  12
  11
  12
  13
  13
  14
  11
   7
  13
  11
  17
   8
  11
  12
  12
  16
  11
  11
  14
  11
  16
   9
   8
  13
   9
   6
   9
   8
  19
  11
   5
  10
   7
   7
   6
   5
  18
  10
  15
  11
  13
  11
   8
   7
  14
  12
   4
  10
   7
  12
  12
  17
  12
   9
   8
   9
  10
  12
  14
   8
  14
   7
   5
   9
  13
  10
   9
  11
   9
  11
  10
  16
   8
   7
   6
  11
  12
   8
  11
   8
  13
  13
  10
  11
  12
   8
   7
  11
  12
  12
  14
   7
   8
  10
  11
   9
  10
   6
   9
   7
   8
   7
  13
   8
   7
   8
   8
  15
   9
  16
   7
  10
   6
  12
  12
